1 10 1.00000000000000000000
1024.00000000000000000000000000000000000000000000000000

-1 10 1.00000000000000000000
-1024.00000000000000000000000000000000000000000000000000

1 9 1.99804687500000000000
1023.00000000000000000000000000000000000000000000000000

1 10 1.00097656250000000000
1025.00000000000000000000000000000000000000000000000000

1 -4 1.60000002384185791016
0.10000000149011611938476562500000000000000000000000

1 -1 1.00000000000000000000
0.50000000000000000000000000000000000000000000000000

1 23 1.00000000000000000000
8388608.00000000000000000000000000000000000000000000000000

1 23 1.00000011920928955078
8388609.00000000000000000000000000000000000000000000000000

1 25 1.00000000000000000000
33554432.00000000000000000000000000000000000000000000000000

1 49 1.77635681629180908203
999999986991104.00000000000000000000000000000000000000000000000000

1 -126 0.00850701332092285156
0.00000000000000000000000000000000000000009999946101

-1 -126 0.00850701332092285156
-0.00000000000000000000000000000000000000009999946101

1 128 1.50000000000000000000
nan

-1 128 1.50000000000000000000
nan

1 128 1.00000000000000000000
nan

-1 128 1.00000000000000000000
nan

